8 0.225 0.1625 0.078125 0.1171875
8 0.9125 0.18515625 0.0328125 0.0875
8 0.478125 0.18671875 0.0703125 0.1078125
8 0.8109375 0.28359375 0.1109375 0.1640625
8 0.6984375 0.3140625 0.09375 0.1640625
8 0.334375 0.43359375 0.18125 0.234375
8 0.6390625 0.52265625 0.1734375 0.184375
8 0.35625 0.11015625 0.0515625 0.0875
8 0.2640625 0.11328125 0.0671875 0.090625
8 0.715625 0.13203125 0.03125 0.0859375
8 0.61171875 0.4296875 0.2140625 0.1875
8 0.3203125 0.11171875 0.0734375 0.10625
8 0.72421875 0.20625 0.0703125 0.1421875
8 0.934375 0.2609375 0.1078125 0.1515625
8 0.97421875 0.2875 0.0515625 0.159375
8 0.83203125 0.1796875 0.11875 0.1515625