8 0.2703125 0.24296875 0.08125 0.0953125
8 0.0578125 0.365625 0.103125 0.1234375
8 0.925 0.38828125 0.0703125 0.0984375
8 0.8015625 0.465625 0.115625 0.153125
8 0.54140625 0.4703125 0.134375 0.15625
8 0.41328125 0.48203125 0.11875 0.15
8 0.1796875 0.52421875 0.15 0.1515625
8 0.05390625 0.615625 0.1078125 0.175
8 0.24375 0.621875 0.1609375 0.1828125
8 0.52265625 0.653125 0.1625 0.1953125
8 0.778125 0.66328125 0.1609375 0.153125
8 0.6375 0.7609375 0.2078125 0.221875
8 0.153125 0.81953125 0.1859375 0.3171875
8 0.36953125 0.86953125 0.2390625 0.2609375
8 0.80390625 0.88671875 0.284375 0.1875
8 0.346875 0.7875 0.24375 0.209375
8 0.11015625 0.33125 0.1078125 0.140625
8 0.08359375 0.48984375 0.1671875 0.1484375
8 0.3640625 0.43828125 0.1390625 0.1359375
8 0.57265625 0.38671875 0.13125 0.159375
8 0.9328125 0.73828125 0.134375 0.2015625
8 0.81015625 0.79140625 0.2578125 0.178125
8 0.92734375 0.58203125 0.1453125 0.1734375
8 0.9171875 0.49375 0.1234375 0.1171875
8 0.93046875 0.321875 0.0796875 0.109375