7 0.325 0.74296875 0.090625 0.140625
7 0.05859375 0.76796875 0.090625 0.15
7 0.1265625 0.78515625 0.0875 0.15
7 0.21171875 0.8 0.090625 0.1796875
7 0.28359375 0.78828125 0.1203125 0.15
7 0.43515625 0.7703125 0.109375 0.1609375
7 0.5015625 0.76328125 0.096875 0.1609375
7 0.66328125 0.76484375 0.1 0.1703125
7 0.8484375 0.796875 0.090625 0.1671875
7 0.921875 0.78984375 0.090625 0.1609375
7 0.03359375 0.25703125 0.0609375 0.0390625
7 0.4953125 0.26640625 0.05 0.040625
7 0.58515625 0.26015625 0.0625 0.040625
7 0.66796875 0.26484375 0.0703125 0.05
7 0.8234375 0.2703125 0.053125 0.0390625
7 0.44140625 0.26796875 0.05 0.05