7 0.3296875 0.7984375 0.2125 0.190625
7 0.33359375 0.86171875 0.1796875 0.2109375
7 0.771875 0.853125 0.2640625 0.2203125
11 0.13828125 0.83203125 0.190625 0.1234375
11 0.05703125 0.68828125 0.1078125 0.0625
11 0.421875 0.68203125 0.103125 0.0640625
11 0.46171875 0.775 0.1171875 0.096875
11 0.6 0.728125 0.1203125 0.0703125
11 0.58671875 0.78984375 0.146875 0.1
11 0.25703125 0.65 0.0671875 0.053125
7 0.76484375 0.73515625 0.1765625 0.0828125
7 0.9203125 0.7734375 0.1203125 0.2203125
7 0.56015625 0.64140625 0.10625 0.1234375
7 0.16015625 0.6296875 0.0796875 0.0796875
7 0.16484375 0.7296875 0.1296875 0.10625