7 0.2203125 0.85859375 0.253125 0.2109375
7 0.66640625 0.8546875 0.1671875 0.2109375
11 0.40859375 0.78984375 0.15 0.0875
11 0.39140625 0.7296875 0.1171875 0.0671875
11 0.85859375 0.8234375 0.190625 0.1203125
11 0.225 0.73671875 0.184375 0.09375
7 0.08515625 0.7703125 0.1109375 0.2265625
11 0.93984375 0.68984375 0.1140625 0.0671875
7 0.66640625 0.75 0.1921875 0.09375
7 0.8203125 0.73984375 0.1609375 0.1140625
7 0.5734375 0.675 0.1 0.0625
11 0.53359375 0.775 0.1 0.090625
11 0.73984375 0.65 0.059375 0.059375
11 0.69140625 0.6484375 0.0640625 0.05
7 0.43359375 0.63671875 0.1203125 0.1140625
7 0.83671875 0.63671875 0.0734375 0.0796875
7 0.68515625 0.6046875 0.0765625 0.05
7 0.75 0.61015625 0.0796875 0.053125