11 0.325 0.771875 0.090625 0.1578125
11 0.13984375 0.78984375 0.0796875 0.1609375
11 0.66015625 0.7515625 0.0796875 0.14375
11 0.93515625 0.7703125 0.090625 0.140625
11 0.06484375 0.79140625 0.090625 0.1703125
11 0.86640625 0.7796875 0.0875 0.1609375
11 0.71328125 0.79140625 0.09375 0.15
11 0.7796875 0.8015625 0.0796875 0.184375
7 0.46484375 0.75 0.096875 0.146875
7 0.55859375 0.7734375 0.1109375 0.1609375
7 0.1703125 0.2703125 0.0609375 0.0390625
7 0.5015625 0.26640625 0.0578125 0.040625
7 0.41171875 0.2703125 0.05625 0.0390625
7 0.96015625 0.25 0.0609375 0.040625
7 0.5546875 0.26484375 0.05 0.05
7 0.3265625 0.271875 0.0671875 0.04375