8 0.425 0.5375 0.2234375 0.6453125
8 0.5140625 0.2953125 0.1890625 0.203125
3 0.77265625 0.31796875 0.4546875 0.5390625
1 0.23671875 0.45625 0.0671875 0.1875
1 0.15234375 0.45234375 0.0453125 0.1546875
1 0.11640625 0.43828125 0.0484375 0.1296875
1 0.06640625 0.45546875 0.0765625 0.140625
1 0.02734375 0.4640625 0.0390625 0.146875
1 0.0921875 0.6265625 0.1328125 0.159375
1 0.1953125 0.578125 0.06875 0.128125
1 0.29296875 0.45859375 0.0671875 0.0953125
1 0.8828125 0.76015625 0.184375 0.2
1 0.909375 0.53359375 0.090625 0.1921875
1 0.5640625 0.496875 0.10625 0.15625