0 0.315625 0.478125 0.0796875 0.096875
0 0.03984375 0.70703125 0.0796875 0.2578125
0 0.359375 0.45859375 0.090625 0.0890625
0 0.3953125 0.49375 0.06875 0.0828125
0 0.4609375 0.4578125 0.0578125 0.075
0 0.4796875 0.42421875 0.0546875 0.0890625
0 0.4984375 0.50546875 0.084375 0.1
0 0.5359375 0.4640625 0.0515625 0.0828125
0 0.5796875 0.46875 0.0671875 0.078125
0 0.6453125 0.465625 0.0546875 0.109375
0 0.56953125 0.58046875 0.0890625 0.178125
0 0.67421875 0.475 0.0328125 0.0828125
0 0.6828125 0.428125 0.0328125 0.0734375
0 0.778125 0.43671875 0.0625 0.084375
0 0.759375 0.5015625 0.078125 0.134375
0 0.771875 0.41015625 0.04375 0.059375
0 0.396875 0.5953125 0.1328125 0.2