8 0.475 0.57578125 0.0953125 0.2546875
8 0.6234375 0.59609375 0.084375 0.2609375
8 0.834375 0.6140625 0.11875 0.2546875
8 0.33828125 0.5109375 0.10625 0.2109375
8 0.26328125 0.340625 0.06875 0.1125
8 0.35 0.3546875 0.05625 0.1046875
8 0.465625 0.4109375 0.0640625 0.090625
8 0.5484375 0.4609375 0.0828125 0.15625
8 0.6265625 0.425 0.059375 0.084375
8 0.184375 0.3734375 0.103125 0.1875
8 0.04140625 0.5890625 0.0828125 0.4296875
8 0.03515625 0.3203125 0.0703125 0.1546875
8 0.078125 0.2875 0.0875 0.1328125
8 0.165625 0.27890625 0.11875 0.1625
8 0.33515625 0.303125 0.0828125 0.0859375
8 0.4359375 0.36484375 0.0921875 0.115625
8 0.54453125 0.37421875 0.0671875 0.0890625
8 0.63125 0.353125 0.103125 0.0765625
8 0.6953125 0.37578125 0.0875 0.084375
8 0.5359375 0.3203125 0.103125 0.1078125
8 0.4140625 0.2890625 0.0984375 0.075
8 0.76875 0.465625 0.1 0.1390625
8 0.940625 0.5515625 0.109375 0.2
8 0.88203125 0.46015625 0.1421875 0.1890625
8 0.80078125 0.3859375 0.15 0.1109375