8 0.421875 0.43203125 0.0359375 0.1125
8 0.54375 0.4890625 0.1015625 0.2328125
8 0.4 0.63515625 0.1796875 0.29375
8 0.7265625 0.37265625 0.0515625 0.184375
8 0.6671875 0.38125 0.059375 0.18125
8 0.6 0.3421875 0.053125 0.1546875
8 0.5109375 0.334375 0.025 0.0921875
8 0.4921875 0.2984375 0.021875 0.0859375
8 0.4546875 0.315625 0.021875 0.084375
8 0.41875 0.30859375 0.028125 0.0765625
8 0.39296875 0.31953125 0.0203125 0.0625
8 0.371875 0.3140625 0.01875 0.0625
8 0.11796875 0.6828125 0.2359375 0.3046875
8 0.30234375 0.52265625 0.1828125 0.184375
8 0.26015625 0.746875 0.2203125 0.378125
8 0.70546875 0.2953125 0.05625 0.115625
8 0.63828125 0.28203125 0.078125 0.1484375
8 0.5515625 0.3359375 0.0453125 0.103125